1.1103371004736848
0.42859789146387756
0.07046447638061212
0.023432029261439283
0.014189332639307644
0.01204142098098281
0.01137842556434162
0.01137842556434162
0.011328261421069843
0.011298379304880786
0.01125628195273093
0.011245929340394735
0.011243055033057048
0.011242247760982326
0.011241708836736843
0.01124160036937366
0.011241430832399393
0.01124136786919303
0.011241278189458368
0.011241165352331025
0.01124107412597355
0.01124103058075557
0.011241004224109973
0.01124099352180823
0.011240972894316047
0.011240949558657945
0.011240923596916507
0.011240903641361023
0.011240896217117203
0.011240889774252822
0.011240879589669071
0.011240861714670891
0.011240853360660639
0.011240847925854041
0.011240840823329695
0.011240836072878563
0.011240830562005335
0.01124082863682605
0.01124082517650436
0.011240821586986425
0.011240817293492866
0.011240814494565328
0.01124081273917049
0.011240810630605566
0.011240805380802528
0.011240803995670637
0.01124080369894868
0.011240802195957056
0.011240799619859016
0.01124079619556646
0.011240794153964777
0.011240793818512366
0.011240793059948762
0.01124079238993915
0.011240791981508324
0.011240791936676956
0.011240791667904449
0.01124079162937457
0.011240791608914297
0.011240791484103223
0.011240790800958156
0.011240790800958156
0.01124079056826836
0.011240790089500052
0.0112407896625909
0.011240789472083942
0.011240789390411
0.011240789390411
0.01124078938994018
0.01124078938994018
0.01124078938994018
0.01124078938994018
0.01124078938994018
0.01124078938994018
0.01124078938994018
0.01124078938994018
0.01124078938994018
0.01124078938994018
0.01124078938994018
0.01124078938994018
0.01124078938994018
0.01124078938994018
0.01124078938994018
0.01124078938994018
0.01124078938994018
0.01124078938994018
0.01124078938994018
0.01124078938994018
0.01124078938994018
0.01124078938994018
0.01124078938994018
0.01124078938994018
0.01124078938994018
0.01124078938994018
0.01124078938994018
0.01124078938994018
0.01124078938994018
0.01124078938994018
0.01124078938994018
0.01124078938994018
0.01124078938994018