1.1103371004736848
0.3791019904243699
0.05155298160348796
0.011222351860573005
0.002490915440457127
0.0010792591461899564
0.00041541253922309905
0.0002549684751101075
8.117500498617304e-05
2.2394351153154304e-05
8.809876972966036e-06
3.7175852855433976e-06
1.948363448425634e-06
1.2711843720002834e-06
9.90314872992016e-07
8.240747157616149e-07
4.5718766042262853e-07
2.8127045893111155e-07
2.0064141213487013e-07
1.787743158693756e-07
1.6144050515581213e-07
1.2523915967983245e-07
9.503351739035434e-08
7.597765605993206e-08
6.561699741167368e-08
5.879270818205387e-08
5.512724310761165e-08
5.166871941731217e-08
4.6882716405091197e-08
4.428630921309745e-08
4.270052603258935e-08
4.15249052841924e-08
3.958585908137207e-08
3.540901276607805e-08
3.540901276607805e-08
3.393975172565086e-08
3.241299192214048e-08
3.112757009083203e-08
3.078059186985251e-08
3.0277288842288815e-08
2.9911788766642594e-08
2.9625003642220056e-08
2.8903983228027705e-08
2.8846976077279414e-08
2.7994361946071423e-08
2.780935116906286e-08
2.753034966711279e-08
2.7181838806099153e-08
2.690635647276701e-08
2.6604082514729985e-08
2.6377224922115417e-08
2.6182729214379347e-08
2.6053899330204135e-08
2.598643910793309e-08
2.588761595397666e-08
2.5700776958096176e-08
2.5577500236774407e-08
2.5455226286352813e-08
2.5386128449745277e-08
2.533917502253891e-08
2.5301608920196478e-08
2.5223413737839448e-08
2.5223413737839448e-08
2.5180155410842956e-08
2.5133850648665756e-08
2.509869971276694e-08
2.50563879969305e-08
2.503159029492378e-08
2.5017515758466164e-08
2.5000455375739962e-08
2.4963939318793156e-08
2.4939708948913812e-08
2.4926786934116335e-08
2.4916674068407052e-08
2.490315846242945e-08
2.4894247922684547e-08
2.4881141506156245e-08
2.487678007809916e-08
2.487138374225847e-08
2.4862656072245172e-08
2.485474699881199e-08
2.4849664599763956e-08
2.4845213942168353e-08
2.4840683324780763e-08
2.4833663858965565e-08
2.4832278728192077e-08
2.4828312286857944e-08
2.482687891409442e-08
2.4824052063260237e-08
2.4824052063260237e-08
2.4823411349540268e-08
2.4821857809283428e-08
2.4820200427088713e-08
2.481868909487764e-08
2.4817503419551712e-08
2.481588408653156e-08
2.4815007138258743e-08
2.4813519148057354e-08
2.4811999818610764e-08
2.4810859582833783e-08
2.4810100676689672e-08