0.015717000856757198
0.008256347538359736
0.0024612743850045055
0.0014319238387946493
0.0011900742055331991
0.0007013847749452746
0.0005237524150666843
0.0003798375075125459
0.00031594963532677084
0.0002183585346129398
0.00015739138677749187
0.00011193479064240803
9.983032295956882e-05
8.506297253477668e-05
7.060362075290618e-05
7.060362075290618e-05
6.889674684641507e-05
6.296237713087411e-05
6.041273076737368e-05
5.625725741553895e-05
4.858800626772534e-05
4.858800626772534e-05
4.60612840770438e-05
4.1111846455001624e-05
3.8720435905039524e-05
3.6266210403302035e-05
3.242110119423312e-05
3.0078881835503652e-05
2.715850365552963e-05
2.4767951025753064e-05
2.220035344652831e-05
2.2160917060387425e-05
2.051734544384103e-05
1.8171191627873342e-05
1.591215587231218e-05
1.591215587231218e-05
1.5201894698610896e-05
1.4226856021316906e-05
1.323931808592752e-05
1.224245184578287e-05
1.079226226891452e-05
1.0069814202998323e-05
8.838899034369156e-06
8.369922816951442e-06
7.513823098528686e-06
7.096591768220728e-06
6.120674197525932e-06
5.767760161799556e-06
5.516029010898418e-06
5.101322718062738e-06
5.101322718062738e-06
5.077093549857343e-06
4.8627487881123305e-06
4.209093863875583e-06
4.209093863875583e-06
4.209093863875583e-06
4.0721559026797745e-06
3.7407611210487134e-06
3.621260517872452e-06
3.2423445429027544e-06
3.0773227722119083e-06
2.8941638145762767e-06
2.6818582269550453e-06
2.6818582269550453e-06
2.6818582269550453e-06
2.5847983677402224e-06
2.4449915146457756e-06
2.3632668740543437e-06
2.2898277260984473e-06
2.2243475589692776e-06
2.159628418680804e-06
2.112967876538426e-06
1.983644066804624e-06
1.9815857464206187e-06
1.9301516341029055e-06
1.8720902935276525e-06
1.810670732771264e-06
1.7424952050649008e-06
1.6498942567042067e-06
1.5794461010425858e-06
1.5439461578637813e-06
1.5225821459272164e-06
1.4923018434148773e-06
1.433520530394787e-06
1.433520530394787e-06
1.4155584419531145e-06
1.3659781461021615e-06
1.3103846366611447e-06
1.2590660171848207e-06
1.2195399623787792e-06
1.1740690958978172e-06
1.147179648048863e-06
1.1218506979901038e-06
1.0972802934395259e-06
1.0667496467081833e-06
1.0527578416917993e-06
1.0113906341598365e-06
9.905432399960524e-07
9.414176792526811e-07
9.288983628967194e-07
9.109266616581532e-07