1.1103371004736848
0.4285978914638683
0.09272681200747607
0.024611604479916647
0.009266178854871236
0.0035299543975813663
0.002518941944654692
0.0014333546325646335
0.0012090636779926488
0.0008713704546029219
0.0005716821475071811
0.00039167471549410944
0.0003157755027801802
0.0002759112568423435
0.00023567862498764816
0.00023567862498764816
0.0002320752343107019
0.00020575426354682395
0.0001848179244952889
0.00015621535307447002
0.00012173964988806114
0.00010545067963756753
8.677528783631309e-05
8.314112412174922e-05
7.86756781369185e-05
7.318123428710555e-05
6.737587066347555e-05
5.907705989555171e-05
5.4281166066317894e-05
5.069854698245967e-05
4.778879363791235e-05
4.606743166315989e-05
4.3699700404341766e-05
4.111378349660873e-05
3.893314764616217e-05
3.549931825594498e-05
3.36319662048679e-05
3.1990136031597814e-05
2.9191240007647907e-05
2.703608132422019e-05
2.4702124165931736e-05
2.3219084532111155e-05
2.25462200126345e-05
2.093789410421146e-05
2.02631822081596e-05
1.94007061509706e-05
1.8051385712805652e-05
1.6470804374391625e-05
1.489949211160387e-05
1.3788693727008616e-05
1.2568349266589868e-05
1.1272918864422331e-05
1.0240388621222042e-05
9.540058050283344e-06
8.925737099737975e-06
8.572186901026492e-06
7.762321472105356e-06
7.479903653881708e-06
7.173188909565068e-06
6.666995677159578e-06
6.163742965315478e-06
5.570072373400332e-06
5.283566391945273e-06
5.075051317330199e-06
4.845172348696732e-06
4.577268959448596e-06
4.292749125635813e-06
4.255388087513626e-06
3.712930065989593e-06
3.6361910911588957e-06
3.3186153658351626e-06
3.17870423687732e-06
2.9807472763407043e-06
2.8957350176422114e-06
2.7865697770869603e-06
2.549919170837969e-06
2.3657407885177068e-06
2.2808531011828076e-06
2.1774748430004585e-06
2.0921112838788346e-06
2.011741744826918e-06
1.9721448582875004e-06
1.9072672560684506e-06
1.7924612521153534e-06
1.7851954542034765e-06
1.6885398048872748e-06
1.6687076238927685e-06
1.6364506302247079e-06
1.5867388827419575e-06
1.5821252450259476e-06
1.5130395590015882e-06
1.4922585556750709e-06
1.4618140094633457e-06
1.4375220083948275e-06
1.4080117692218256e-06
1.3625496556520975e-06
1.3188292418244801e-06
1.288361246265458e-06
1.268722317124585e-06
1.2530796190242567e-06
1.2150570592966021e-06