0.000000000000000000e+00 0.000000000000000000e+00
5.000000000000000000e+01 -2.100716526376452358e-05
1.000000000000000000e+02 -2.513391758465626872e-05
1.500000000000000000e+02 -2.847753903768404489e-05
2.000000000000000000e+02 -3.146100303235872266e-05
2.500000000000000284e+02 -3.419568751297649500e-05
3.000000000000000568e+02 -3.671560200939513030e-05
3.500000000000000000e+02 -3.905900759172045830e-05
4.000000000000000000e+02 -4.125031115990317507e-05
4.500000000000000568e+02 -4.330696178048967695e-05
5.000000000000000568e+02 -4.524244397724700714e-05
5.500000000000001137e+02 -4.706770493998641160e-05
6.000000000000001137e+02 -4.879195489373778550e-05
6.500000000000000000e+02 -5.042310932461718424e-05
7.000000000000000000e+02 -5.196808572108738828e-05
7.500000000000000000e+02 -5.343300387860234265e-05
8.000000000000000000e+02 -5.482332975247084639e-05
8.500000000000001137e+02 -5.614398280916874551e-05
9.000000000000001137e+02 -5.739941856712813217e-05
9.500000000000001137e+02 -5.859369359471914760e-05
1.000000000000000114e+03 -5.973052045356950905e-05
1.050000000000000227e+03 -6.081329980485582925e-05
1.100000000000000227e+03 -6.184517067732210355e-05
1.150000000000000227e+03 -6.282903074714185686e-05
1.200000000000000227e+03 -6.376756352497326818e-05
1.250000000000000227e+03 -6.466325985037965835e-05
1.300000000000000000e+03 -6.551843644251546112e-05
1.350000000000000000e+03 -6.633525203497132427e-05
1.400000000000000000e+03 -6.711572150629631502e-05
1.450000000000000000e+03 -6.786172833119400003e-05
1.500000000000000000e+03 -6.857503561217440991e-05
1.550000000000000000e+03 -6.925729590159615827e-05
1.600000000000000000e+03 -6.991005998545156939e-05
1.650000000000000227e+03 -7.053478477004422251e-05
1.700000000000000227e+03 -7.113284038881862999e-05
1.750000000000000227e+03 -7.170551662752192316e-05
1.800000000000000227e+03 -7.225402721873039227e-05
1.850000000000000227e+03 -7.277952099678056412e-05
1.900000000000000227e+03 -7.328307841430630788e-05
1.950000000000000227e+03 -7.376572110340850791e-05
2.000000000000000227e+03 -7.422841477187675126e-05
2.050000000000000455e+03 -7.467207290045516912e-05
2.100000000000000455e+03 -7.509756014539769263e-05
2.150000000000000455e+03 -7.550569547332590468e-05
2.200000000000000455e+03 -7.590901469514137905e-05
2.250000000000000455e+03 -7.630330699060737791e-05
2.300000000000000455e+03 -7.668244089165317820e-05
2.350000000000000455e+03 -7.704705883176561350e-05
2.400000000000000455e+03 -7.739777168882660012e-05
2.450000000000000455e+03 -7.773516063311088477e-05
2.500000000000000455e+03 -7.805977884556808248e-05
2.550000000000000000e+03 -7.837215311727672561e-05
2.600000000000000000e+03 -7.867278533987128125e-05
2.650000000000000000e+03 -7.896215389578173209e-05
2.700000000000000000e+03 -7.924071439938117111e-05
2.750000000000000000e+03 -7.951770333489010265e-05
2.800000000000000000e+03 -7.979182661249104383e-05
2.850000000000000000e+03 -8.005628476176310010e-05
2.900000000000000000e+03 -8.031144759131323980e-05
2.950000000000000000e+03 -8.055766879987155747e-05
3.000000000000000000e+03 -8.079528679949231893e-05
3.050000000000000000e+03 -8.102462548959738831e-05
3.100000000000000000e+03 -8.124599498509970860e-05
3.150000000000000000e+03 -8.145969230166686087e-05
3.200000000000000000e+03 -8.166600200101136332e-05
3.250000000000000455e+03 -8.186519679890238630e-05
3.300000000000000455e+03 -8.205753813839883652e-05
3.350000000000000455e+03 -8.224327673061650873e-05
3.400000000000000455e+03 -8.242265306516721594e-05
3.450000000000000455e+03 -8.259589831060899529e-05
3.500000000000000455e+03 -8.276323322595586184e-05
3.550000000000000455e+03 -8.292487069646939932e-05
3.600000000000000455e+03 -8.308101489724677938e-05
3.650000000000000455e+03 -8.323186193892541558e-05
3.700000000000000455e+03 -8.337760023582649446e-05
3.750000000000000455e+03 -8.351841085293390445e-05
3.800000000000000455e+03 -8.365446783425479777e-05
3.850000000000000455e+03 -8.378593851404424219e-05
3.900000000000000455e+03 -8.391298457118054452e-05
3.950000000000000455e+03 -8.403575947918293055e-05
4.000000000000000455e+03 -8.415441266764345923e-05
4.050000000000000455e+03 -8.426908745626922553e-05
4.100000000000000909e+03 -8.437992177927934330e-05
4.150000000000000909e+03 -8.448704841961940783e-05
4.200000000000000909e+03 -8.459059522843017200e-05
4.250000000000000909e+03 -8.469068533262530277e-05
4.300000000000000909e+03 -8.478743733197919707e-05
4.350000000000000909e+03 -8.488457198791670279e-05
4.400000000000000909e+03 -8.498611620535220096e-05
4.450000000000000909e+03 -8.508449927676938320e-05
4.500000000000000909e+03 -8.517982355290777327e-05
4.550000000000000909e+03 -8.527218781963960797e-05
4.600000000000000909e+03 -8.536168743823880484e-05
4.650000000000000909e+03 -8.544841447931142658e-05
4.700000000000000909e+03 -8.553245785071728014e-05
4.750000000000000909e+03 -8.561390341979116026e-05
4.800000000000000909e+03 -8.569283413015519810e-05
4.850000000000000909e+03 -8.576933011339524932e-05
4.900000000000000909e+03 -8.584346879585971410e-05
4.950000000000000909e+03 -8.591532500082381299e-05
5.000000000000000909e+03 -8.598497104624864087e-05
5.050000000000000909e+03 -8.605247683835166340e-05
5.100000000000000000e+03 -8.611790996119350226e-05
5.150000000000000000e+03 -8.618965851884218248e-05
5.200000000000000000e+03 -8.625990399112444475e-05
5.250000000000000000e+03 -8.632814062042267259e-05
5.300000000000000000e+03 -8.639442820035665564e-05
5.350000000000000000e+03 -8.645882463936957127e-05
5.400000000000000000e+03 -8.652138602721738756e-05
5.450000000000000000e+03 -8.658216669878149307e-05
5.500000000000000000e+03 -8.664121929532767811e-05
5.550000000000000000e+03 -8.669859482332757205e-05
5.600000000000000000e+03 -8.675434271095343699e-05
5.650000000000000000e+03 -8.680851086235087547e-05
5.700000000000000000e+03 -8.686114570978909052e-05
5.750000000000000000e+03 -8.691229226378336238e-05
5.800000000000000000e+03 -8.696199416127890389e-05
5.850000000000000000e+03 -8.701029371198196357e-05
5.900000000000000000e+03 -8.705723194291909827e-05
5.950000000000000000e+03 -8.710284864130130944e-05
6.000000000000000000e+03 -8.714718239576660580e-05
6.050000000000000000e+03 -8.719027063607059848e-05
6.100000000000000000e+03 -8.723214967129154940e-05
6.150000000000000000e+03 -8.727285472661271604e-05
6.200000000000000000e+03 -8.731241997874243676e-05
6.250000000000000000e+03 -8.735087859002904013e-05
6.300000000000000000e+03 -8.738826274132489651e-05
6.350000000000000000e+03 -8.742460366365218240e-05
6.400000000000000000e+03 -8.745993166871911934e-05
6.450000000000000000e+03 -8.749427617833462284e-05
6.500000000000000909e+03 -8.752766575276584059e-05
6.550000000000000909e+03 -8.756012811808200228e-05
6.600000000000000909e+03 -8.759169019252537416e-05
6.650000000000000909e+03 -8.762237811194836324e-05
6.700000000000000909e+03 -8.765221725435446050e-05
6.750000000000000909e+03 -8.768123226357836834e-05
6.800000000000000909e+03 -8.770944707213962712e-05
6.850000000000000909e+03 -8.773688492330225335e-05
6.900000000000000909e+03 -8.776356839237147898e-05
6.950000000000000909e+03 -8.778951940725739393e-05
7.000000000000000909e+03 -8.781475926833400621e-05
7.050000000000000909e+03 -8.783930866762074347e-05
7.100000000000000909e+03 -8.786318770731260653e-05
7.150000000000000909e+03 -8.788641609729583857e-05
7.200000000000000909e+03 -8.790901250342756182e-05
7.250000000000000909e+03 -8.793099548432831830e-05
7.300000000000000909e+03 -8.795238296051902376e-05
7.350000000000000909e+03 -8.797319234364114275e-05
7.400000000000000909e+03 -8.799677488693372822e-05
7.450000000000000909e+03 -8.802149669255804419e-05
7.500000000000000909e+03 -8.804560804535960163e-05
7.550000000000000909e+03 -8.806912537923124846e-05
7.600000000000000909e+03 -8.809206469096503755e-05
7.650000000000000909e+03 -8.811444155267260294e-05
7.700000000000000909e+03 -8.813627112382622778e-05
7.750000000000000909e+03 -8.815756816292878999e-05
7.800000000000000909e+03 -8.817834703882085248e-05
7.850000000000000909e+03 -8.819862174163645835e-05
7.900000000000000909e+03 -8.821840589341836463e-05
7.950000000000000909e+03 -8.823771275840434263e-05
8.000000000000000909e+03 -8.825655525299533268e-05
8.050000000000000909e+03 -8.827494595541655290e-05
8.100000000000000909e+03 -8.829289711508209214e-05
8.150000000000000909e+03 -8.831042066167316519e-05
8.200000000000001819e+03 -8.832752821393988283e-05
8.250000000000001819e+03 -8.834423108823565767e-05
8.300000000000001819e+03 -8.836054030679388153e-05
8.350000000000001819e+03 -8.837646657758727097e-05
8.400000000000001819e+03 -8.839202041581972725e-05
8.450000000000001819e+03 -8.840721198156651901e-05
8.500000000000001819e+03 -8.842402804269465066e-05
8.550000000000001819e+03 -8.844238161803899957e-05
8.600000000000001819e+03 -8.846034086768130673e-05
8.650000000000001819e+03 -8.847791564403457922e-05
8.700000000000001819e+03 -8.849511556019235491e-05
8.750000000000001819e+03 -8.851194999601619956e-05
8.800000000000001819e+03 -8.852842810408178317e-05
8.850000000000001819e+03 -8.854455881547883310e-05
8.900000000000001819e+03 -8.856035084546069476e-05
8.950000000000001819e+03 -8.857581269894339142e-05
9.000000000000001819e+03 -8.859095267585495581e-05
9.050000000000001819e+03 -8.860577887633775741e-05
9.100000000000001819e+03 -8.862029920580703735e-05
9.150000000000001819e+03 -8.863452137986932390e-05
9.200000000000001819e+03 -8.864845292910521408e-05
9.250000000000001819e+03 -8.866210120371939487e-05
9.300000000000001819e+03 -8.867547337806320281e-05
9.350000000000001819e+03 -8.868857645503233774e-05
9.400000000000001819e+03 -8.870141727034456895e-05
9.450000000000001819e+03 -8.871400249670006284e-05
9.500000000000001819e+03 -8.872633861372513026e-05
9.550000000000001819e+03 -8.873843204257314803e-05
9.600000000000001819e+03 -8.875028896771159151e-05
9.650000000000001819e+03 -8.876191544700842663e-05
9.700000000000001819e+03 -8.877331739615337153e-05
9.750000000000001819e+03 -8.878450059057136430e-05
9.800000000000001819e+03 -8.879547066886600267e-05
9.850000000000001819e+03 -8.880623313617807700e-05
9.900000000000001819e+03 -8.881679336743505981e-05
9.950000000000001819e+03 -8.882715661050659482e-05
1.000000000000000182e+04 -8.883732798927703107e-05
